100
125
56
50
44
50
44
44
44
44
44
37
44
37
44
50
119
50
50
44
50
81
87
100
81
63
87
81
87
75
313
319
63
69
44
50
44
50
263
713
744
231
919
1531
1481
169
56
63
50
44
50
50
50
37
44
44
37
44
563
113
44
44
44
44
44
44
44
44
44
37
44
50
44
44
44
44
44
44
44
44
44
44
50
56
44
81
87
113
144
144
300
1469
269
50
44
44
44
50
44
44
44
44
37
44
44
37
44
44
125
75
44
44
44
44
44
44
44
69
75
44
525
1625
1725
1669
1656
1656
1631
1675
2169
2000
1712
1575
1538
1506
1494
1563
1525
1462
1456
1444
1375
1144
44
762
613
50
44
44
44
44
44
44
37
44
37
44
925
1381
1431
1456
1450
1462
1481
1494
1513
1594
1600
1631
1644
1650
1675
1706
1688
1694
1694
1712
1650
1681
1738
1763
1675
1625
1594
1575
1587
1556
1563
1606
1506
1438
1419
1425
1425
1413
1388
1344
1325
1300
1294
1138
713
50
44
44
1044
1419
1375
1350
1381
1381
1394
1406
1419
1431
1462
1481
1431
1438
1419
1438
1413
1425
1419
1438
2544
2325
1475
1450
1381
1381
1394
1113
963
681
631
519
225
263
56
50
56
44
44
50
44
44
37
44
44
50
87
113
169
869
662
319
44
44
50
56
44
44
44
50
87
81
81
362
1531
1563
1494
1475
1481
1469
1462
1725
1663
1488
1381
1381
1406
1169
700
381
63
50
56
50
44
50
44
44
37
44
44
37
44
37
44
44
37
106
119
81
69
50
44
44
44
44
44
44
44
44
50
44
50
50
44
44
50
256
1563
1519
1488
1538
1519
1481
1450
1438
1375
588
56
156
138
144
144
150
138
787
44
50
50
50
44
44
37
44
319
294
131
56
50
50
50
50
44
50
50
50
44
44
44
75
87
181
700
1519
1388
1375
1406
1638
1650
775
700
600
531
325
237
244
200
125
63
56
44
50
50
56
50
37
44
37
44
37
37
87
119
50
44
44
44
44
44
44
44
44
69
81
75
75
69
44
44
50
50
44
44
50
44
44
50
225
750
606
338
150
156
138
150
144
56
44
50
44
44
44
44
44
44
44
37
44
37
44
56
75
44
44
44
44
44
44
44
44
37
44
44
37
69
131
94
131
81
1331
1462
1419
1394
1400
1381
1363
1950
975
694
656
662
263
144
100
44
44
50
56
44
44
44
44
44
44
44
44
44
50
37
44
44
37
69
113
669
44
44
50
56
44
44
50
50
50
37
44
50
600
1575
1481
1419
1388
1375
1356
1337
1369
1363
1175
150
131
131
44
56
50
50
44
44
50
50
44
44
44
37
44
50
44
44
44
37
44
94
56
50
44
50
44
206
131
156
119
94
81
81
81
44
50
50
44
44
69
87
81
81
100
194
150
144
144
150
150
144
94
44
44
44
50
44
44
44
44
44
37
44
44
37
44
37
44
63
94
44
475
881
800
756
600
219
81
75
81
81
81
69
44
50
138
69
81
75
119
169
156
138
144
144
144
144
150
75
50
44
44
44
44
44
44
44
37
44
37
37
44
56
156
87
75
44
44
37
44
37
44
44
37
44
44
44
44
44
44
131
81
81
456
681
813
269
531
119
350
138
706
487
481
63
50
44
44
44
44
44
44
37
44
37
44
37
44
37
163
138
119
106
100
106
106
100
106
100
106
100
100
100
100
100
106
100
106
100
100
106
100
100
100
106
106
106
119
100
100
106
138
244
1587
713
44
44
44
50
44
50
44
44
44
44
37
37
56
237
50
44
37
37
44
37
44
44
50
56
44
50
44
44
50
481
1462
1450
1450
1531
1462
1438
1500
1500
1450
356
144
175
138
150
150
144
150
631
988
50
44
44
50
44
44
44
37
44
37
44
131
550
650
325
1038
1350
1381
1344
1394
1413
1431
1475
1475
1500
1519
1531
1575
1594
1600
1619
1638
1863
1788
1794
1688
1619
1656
1587
1556
1544
1531
1494
1488
1469
1456
1000
56
44
50
56
50
50
50
56
44
44
50
694
1413
1225
881
50
50
50
44
50
50
56
50
44
44
44
50
69
81
94
87
1106
1938
1756
887
106
800
1000
100
81
825
1550
1481
575
250
44
50
44
50
50
50
44
50
44
150
338
50
44
37
44
44
44
37
44
44
37
44
37
44
37
44
44
44
37
44
44
37
44
44
44
44
81
125
63
100
125
81
75
81
81
113
188
144
138
119
131
144
100
44
50
44
44
44
50
44
44
37
44
37
44
37
37
44
75
94
37
87
106
44
44
44
56
81
75
81
256
1450
1431
1431
1444
1462
1444
1388
1363
1388
1425
1331
1419
994
631
525
487
375
200
206
206
56
44
44
44
37
44
44
44
37
44
50
69
175
175
56
50
44
44
44
44
50
44
50
231
144
69
75
56
1031
1531
2050
1725
3500
2513
1975
1919
1900
1587
537
275
163
106
56
50
50
50
50
50
44
44
37
44
44
50
44
50
44
44
50
144
369
106
50
44
44
44
44
44
44
37
44
37
44
44
44
44
63
44
44
56
1444
1613
1488
1.013000e+03
681
656
750
694
625
225
144
50
50
44
50
50
44
50
44
44
44
37
44
44
37
44
63
200
194
44
44
44
44
50
44
44
44
44
50
50
44
44
44
44
37
44
37
50
44
156
1881
1956
1956
1456
1081
1681
444
144
144
144
50
44
50
44
44
44
44
44
44
44
44
44
37
44
44
194
244
738
463
200
44
44
44
44
44
44
44
44
44
44
37
44
44
50
44
412
1656
1606
1619
1550
1538
1525
1488
1494
1475
269
163
275
44
50
50
44
1263
850
44
44
44
50
50
37
44
50
50
1050
1319
63
56
50
44
50
56
44
44
50
44
37
44
56
50
163
1506
1525
1450
1813
1469
1119
1175
181
138
100
200
263
263
263
212
144
131
37
44
44
44
37
44
44
37
44
37
37
37
37
44
63
87
138
163
212
138
50
75
50
44
44
50
44
44
44
44
44
37
50
81
81
388
631
681
1031
338
394
69
113
138
138
138
119
44
37
44
37
44
44
37
44
37
44
37
37
44
37
44
37
44
37
37
50
175
44
44
56
37
44
56
75
75
69
44
50
81
175
75
69
37
50
188
94
138
81
106
144
138
150
138
138
138
144
144
131
50
44
44
37
44
44
44
37
37
37
44
37
37
113
75
37
44
44
37
44
50
44
56
75
50
44
44
87
69
56
44
44
44
44
50
44
44
44
63
63
56
125
225
131
100
50
50
44
44
56
37
44
50
44
44
44
44
44
81
525
144
44
44
44
37
44
37
44
37
37
44
37
37
37
44
37
37
37
37
44
37
37
37
63
131
56
50
37
81
150
144
138
144
125
44
44
44
44
37
37
44
37
37
37
37
37
44
206
156
63
44
37
37
44
37
37
37
37
37
37
37
37
37
37
37
37
37
37
44
37
44
37
37
37
37
50
44
225
287
150
138
138
131
138
75
44
44
50
44
37
37
37
37
44
50
294
156
50
44
44
37
44
44
44
44
37
44
37
37
44
37
37
44
37
44
69
44
69
188
300
450
756
706
194
200
106
50
44
44
44
37
44
44
37
37
37
37
37
37
37
37
37
37
63
431
69
44
37
44
37
44
37
37
37
31
37
37
37
37
37
37
37
194
269
87
44
44
37
50
75
44
44
37
37
37
37
37
44
37
37
37
37
37
37
31
37
37
37
37
31
44
31
37
37
31
37
37
37
37
225
669
688
619
575
194
44
444
1400
69
44
44
56
69
56
44
44
1100
1256
325
131
144
200
594
463
188
44
44
44
44
37
44
37
37
37
44
37
37
37
37
37
44
37
37
37
37
37
37
63
487
369
306
81
75
113
163
369
606
106
63
81
81
87
156
75
94
775
338
525
138
144
144
138
138
113
44
50
44
50
44
37
37
44
37
37
44
37
50
81
300
69
44
44
44
44
44
37
44
44
37
44
44
44
37
44
44
37
44
44
44
50
44
50
206
275
250
250
150
144
144
138
94
50
131
131
44
50
37
44
44
44
37
44
37
37
50
87
125
44
44
94
113
56
44
37
44
37
37
44
37
44
37
37
44
44
44
44
37
37
44
44
50
37
825
1706
1500
1469
1431
44
50
44
50
44
44
37
44
37
44
37
44
37
44
44
37
63
319
63
44
37
44
44
37
44
44
37
44
44
44
50
44
44
44
44
50
44
619
1563
1563
1544
1563
1569
1462
1494
1438
1431
1444
1456
1431
1400
1413
1294
563
44
50
44
44
44
37
44
44
194
294
106
44
44
44
44
37
44
44
37
37
44
44
44
37
331
1544
1563
1525
1506
1488
1869
2669
2331
1656
2.038000e+03
1969
2.019000e+03
1975
1844
544
56
50
50
44
56
131
44
56
37
44
37
44
44
44
44
50
44
113
263
362
344
625
631
625
594
438
56
119
44
44
44
44
169
519
438
144
37
56
44
1837
1863
1500
1462
444
469
1475
1469
356
144
69
56
44
50
50
50
44
37
44
37
37
44
44
44
44
44
37
250
144
106
81
44
44
44
44
87
56
56
81
81
81
1063
1494
1506
1500
1563
1513
1450
1644
1450
1181
75
50
50
44
50
50
63
50
44
44
44
37
50
100
87
37
44
50
50
44
50
44
37
37
44
37
44
131
113
63
44
44
44
50
44
56
1250
250
713
681
125
63
50
94
94
75
94
87
94
87
138
181
156
250
662
481
156
50
44
138
138
144
144
144
144
138
106
44
50
44
44
144
463
994
419
56
44
50
44
50
44
44
44
44
44
44
56
600
287
50
44
1388
2294
2212
1938
1712
1650
1519
1456
219
169
156
150
144
144
144
144
144
44
50
44
44
44
50
50
44
44
44
37
50
519
331
81
44
44
44
44
44
50
44
44
44
37
50
37
50
44
63
131
106
50
356
2.038000e+03
2044
1962
1688
1506
1475
1462
1456
994
644
525
369
81
50
50
50
50
37
44
44
44
44
44
44
37
75
381
87
44
37
44
37
44
50
44
44
44
44
50
44
44
50
144
81
63
44
819
1513
1500
1475
1431
1575
1675
2106
1875
1681
1538
738
119
50
50
44
50
44
50
44
44
44
44
44
50
50
44
263
881
231
50
44
44
44
44
44
44
37
50
44
44
50
37
44
44
44
50
44
44
44
675
1644
1625
1600
1569
1575
1544
1500
1444
1425
1419
231
50
50
50
44
50
44
44
44
44
50
44
44
50
350
381
231
44
44
50
50
50
44
44
44
81
125
63
63
37
50
37
44
50
50
44
56
50
44
50
56
44
44
675
1594
1975
1969
1462
1431
1462
56
44
50
50
50
50
44
44
44
44
50
44
56
44
37
444
1744
1456
1400
1444
1231
150
44
50
50
50
44
44
44
50
44
37
56
44
44
56
44
519
1613
1556
1513
1494
1475
1488
1438
1431
1406
1394
1281
56
44
50
56
44
44
50
50
50
37
44
50
44
87
50
44
50
63
44
44
44
50
56
44
44
1481
1631
1569
1587
1556
1550
1619
1631
1569
1544
1513
1513
1706
2.031000e+03
1981
1956
1938
1675
1431
619
63
50
56
44
50
56
50
44
44
44
50
44
50
44
50
44
1244
1650
1050
50
50
50
44
50
44
44
50
50
50
44
44
63
44
56
50
219
1613
1556
1513
1556
1500
1469
1413
1400
1375
1381
1344
794
150
138
50
50
44
44
50
50
56
37
44
44
50
50
44
244
344
119
44
50
50
50
50
44
44
50
44
50
44
50
44
37
44
44
44
50
44
44
44
44
44
44
713
1675
319
225
225
138
44
44
50
44
44
50
44
44
37
44
44
37
44
44
63
494
225
44
50
44
44
44
44
44
44
44
44
37
44
44
44
44
50
44
50
50
44
44
37
244
1700
1656
1594
1306
1325
1156
450
231
194
106
63
50
44
44
50
50
50
44
44
50
56
44
50
44
44
44
44
44
37
44
44
37
44
37
44
44
50
44
931
1494
1462
1431
1456
2069
2063
1962
2144
1819
606
287
231
250
244
194
44
50
56
56
50
50
44
44
50
44
44
44
44
37
44
44
44
256
475
237
131
63
63
44
44
44
44
44
44
87
44
1144
1544
1525
1506
1531
1513
1488
1462
1475
1456
1500
1469
1644
1581
1544
1525
1006
50
50
50
56
50
50
50
44
44
44
44
50
44
44
44
44
44
331
700
431
87
81
69
56
56
50
50
81
81
94
87
806
1550
1638
1606
1619
1506
1513
1494
1475
1462
1450
1550
1631
1619
1525
1438
1425
1419
1431
1238
806
750
681
531
306
44
50
44
44
44
44
44
50
37
87
244
294
400
244
644
1625
1400
1425
1456
1481
1500
1506
1506
1544
1638
1638
1638
1613
1606
2025
2069
1669
2094
1881
1700
1525
1494
1500
1475
1450
1444
131
50
50
50
44
44
50
44
50
44
50
37
44
37
50
44
94
531
1200
106
50
50
44
44
44
44
50
44
44
44
50
50
37
56
50
2587
2356
2056
1606
1750
1950
1956
1725
1550
1581
1625
1500
1500
1500
431
50
56
44
44
50
50
50
50
44
44
50
50
50
81
194
544
369
81
56
544
637
1506
1587
50
44
37
44
37
44
44
44
44
44
44
44
44
37
44
44
44
50
50
44
44
50
37
44
50
44
50
44
44
44
37
44
44
50
44
44
44
37
50
44
44
44
44
44
44
44
44
37
44
44
44
50
50
50
44
44
50
50
50
50
37
44
44
50
50
50
37
44
44
44
44
44
44
44
44
44
37
44
37
44
37
44
37
44
44
37
50
44
37
37
44
37
44
37
44
106
106
50
44
37
44
44
37
44
37
44
37
37
44
37
44
37
44
44
37
37
44
50
37
44
44
37
44
37
37
44
37
37
44
37
37
37
44
44
44
37
37
37
44
37
37
37
37
44
37
37
37
44
37
37
44
37
44
37
44
44
37
44
44
37
50
37
44
44
44
44
44
37
44
44
37
44
37
44
37
37
44
37
37
44
44
37
50
37
44
37
37
37
44
37
37
37
37
44
37
37
44
37
44
37
44
44
37
44
44
50
44
37
44
37
44
44
37
44
44
44
44
44
37
44
37
44
37
44
44
37
44
37
37
44
37
44
37
44
37
37
37
37
44
37
37
37
37
44
37
44
37
44
44
44
44
44
37
44
37
44
44
44
50
44
44
37
138
75
63
44
44
37
44
44
44
37
44
44
37
44
44
37
44
37
44
44
37
44
37
44
37
44
37
44
37
44
994
1600
1550
1506
1519
1544
1531
1631
1500
1494
1462
1669
2163
3300
2419
2319
2381
2125
2112
2112
2094
1769
81
50
50
50
44
44
44
44
44
44
44
44
44
50
206
75
44
50
44
44
44
44
44
50
44
44
44
44
50
50
44
44
37
44
994
2044
1731
1994
2231
1788
319
519
844
556
275
731
1712
1587
1106
50
50
50
50
50
44
44
44
44
44
44
56
244
313
56
44
44
44
50
44
44
50
44
50
50
44
44
44
50
50
50
44
50
56
44
44
56
50
100
1712
1706
1587
1456
1438
1431
1444
1469
1462
1456
1462
1462
381
94
50
44
50
50
44
44
56
156
44
50
44
37
44
44
44
44
37
44
44
44
50
44
1000
1606
1587
1575
1837
1806
1550
1513
1781
1825
1775
1744
1556
1500
1462
775
63
44
56
56
44
63
50
44
50
50
44
44
44
1337
656
44
50
169
1069
1706
1419
1413
1388
1369
1350
1369
1400
1425
1469
1513
1531
1556
1550
1544
1538
1538
1556
1506
1500
1506
1750
2000
2200
1719
319
150
138
138
150
656
388
350
1369
1350
1331
1375
1369
1.019000e+03
662
44
44
44
37
44
75
237
1675
1819
1969
1925
1900
1813
1425
1431
1450
1481
1475
1500
1538
1575
1594
1575
1631
1625
1575
1500
1481
1475
1456
1444
1431
1413
1406
1388
1600
1481
1456
1438
1425
1275
963
875
856
813
794
544
44
44
44
44
37
44
44
131
188
144
138
113
56
56
50
44
50
44
106
1600
1581
1550
1531
1500
1475
1469
1462
1438
1444
1500
1706
1750
1819
1712
1675
1575
1531
1450
412
56
56
56
56
50
44
56
50
44
44
37
50
50
44
44
44
306
375
344
313
294
113
44
50
50
44
44
631
1644
1625
1625
1606
1656
1650
2169
2219
1813
1981
1581
2331
2075
1725
1781
1688
1606
1581
1575
1556
1469
325
50
50
50
44
44
50
50
50
44
44
50
50
44
50
1394
1769
1369
50
50
56
37
44
50
50
44
44
44
56
44
44
44
56
37
56
44
56
44
50
44
131
1819
2356
2319
2175
2081
1725
1756
2081
2063
2.031000e+03
1175
44
56
50
50
56
938
725
44
50
50
44
1719
1425
50
44
44
56
50
44
50
44
50
50
50
44
50
56
44
44
56
44
44
50
50
1256
1381
1631
1712
1675
969
781
887
744
656
381
356
219
225
219
219
188
44
50
44
37
44
63
575
412
56
50
44
50
44
44
37
44
37
44
44
44
44
44
44
44
44
44
44
50
44
44
138
69
81
331
237
244
263
244
244
156
56
50
50
44
44
44
44
50
37
44
44
44
50
44
44
200
575
313
44
44
44
44
44
44
44
37
44
44
37
44
44
44
44
37
44
37
44
37
50
44
44
44
44
44
44
44
44
44
431
1375
1763
969
669
481
150
138
144
138
138
144
138
63
44
50
44
50
44
44
163
44
44
44
69
81
69
75
75
87
75
44
50
44
44
206
875
425
94
75
44
44
44
44
50
44
44
37
37
37
100
63
44
44
44
44
44
44
37
37
37
37
44
44
37
37
69
263
106
87
44
44
44
44
37
44
37
37
37
37
44
37
44
37
37
37
37
37
37
44
87
263
169
144
131
44
44
44
50
50
50
50
50
44
44
50
44
44
50
44
50
50
269
44
44
44
50
44
44
44
50
44
44
44
44
37
44
37
37
44
44
37
44
44
44
44
44
44
362
463
256
175
300
269
150
81
50
50
44
44
44
50
44
44
50
44
44
44
37
75
431
188
44
37
44
44
37
44
37
44
37
37
37
44
44
37
44
44
44
37
350
700
706
688
1169
1881
1031
375
400
406
1113
912
1175
719
662
306
138
138
56
44
50
44
44
44
44
44
44
50
287
87
44
44
44
44
44
44
44
37
44
44
37
44
44
44
44
50
44
44
44
44
44
50
44
50
50
56
144
313
313
150
63
50
44
44
50
44
44
44
44
37
44
44
44
50
431
669
150
531
44
50
44
44
50
37
44
44
37
44
44
44
44
37
44
44
44
37
50
369
637
269
150
338
188
181
287
838
831
800
487
56
44
44
44
44
50
44
44
44
44
44
44
37
44
225
1025
212
44
44
44
37
44
37
37
44
37
44
37
44
44
37
44
50
606
844
713
362
381
406
481
388
388
375
300
138
138
144
106
44
44
44
44
50
44
44
37
44
37
44
37
37
44
56
406
919
688
675
156
537
44
44
44
44
44
75
94
75
1313
1056
381
87
163
263
250
619
281
512
338
250
394
244
156
138
150
138
50
50
44
44
44
44
37
44
44
44
44
37
44
150
300
169
44
44
44
44
44
44
44
37
44
37
44
44
37
44
44
37
44
44
44
563
1044
481
181
125
119
281
494
381
237
237
256
138
44
44
50
44
50
50
44
44
37
44
37
44
44
37
44
50
119
669
444
44
44
37
44
37
37
44
37
37
44
37
37
44
37
44
37
138
750
738
438
106
731
719
269
206
150
163
150
156
144
50
44
50
44
50
44
50
44
44
50
37
44
44
44
75
988
725
375
37
44
44
44
37
44
44
37
44
44
37
44
44
50
44
44
44
69
69
50
237
419
356
362
369
325
194
125
56
63
50
50
44
44
44
44
44
44
44
44
44
44
44
37
63
306
44
44
50
44
50
44
50
44
44
37
50
44
50
44
44
44
37
50
50
44
37
56
50
37
44
44
569
1837
1763
1831
1694
1525
781
44
50
56
44
44
50
50
50
37
44
44
44
50
63
75
206
94
56
44
44
44
44
44
594
588
537
212
63
56
50
37
50
44
44
44
44
44
44
44
44
37
37
44
37
44
44
44
37
50
37
37
44
37
37
37
37
44
37
37
37
37
50
37
37
37
44
37
37
37
37
37
37
56
125
56
44
37
44
37
37
37
37
37
37
44
37
37
37
44
44
37
37
37
37
44
37
37
37
37
44
37
37
37
37
37
37
37
37
37
44
37
37
37
37
37
44
37
37
31
37
37
37
37
37
37
37
37
37
44
37
37
37
37
37
37
37
37
37
44
37
37
44
37
37
37
44
37
37
37
37
37
44
37
37
37
37
37
50
37
37
44
37
37
44
37
37
44
37
37
37
44
37
37
44
37
37
37
44
37
37
44
37
37
44
37
44
37
44
44
37
44
37
44
37
37
37
37
44
37
37
37
37
37
37
44
37
37
31
37
37
37
37
37
37
37
44
37
50
44
44
37
75
81
131
87
50
231
806
113
144
275
287
163
156
150
144
150
144
44
44
50
44
44
44
44
44
37
44
44
44
44
44
37
63
362
219
37
44
44
44
44
37
44
37
37
44
37
37
44
37
37
37
44
37
44
37
37
44
63
725
800
700
675
675
237
50
44
50
44
50
44
44
44
37
37
44
37
44
37
44
37
44
50
75
37
37
37
37
37
37
37
44
37
44
44
37
44
37
44
44
37
44
44
37
44
44
44
1469
1113
631
813
756
50
44
44
50
44
44
44
37
44
37
44
44
37
37
37
44
75
344
125
37
37
44
44
37
44
37
37
44
37
37
44
44
37
37
37
37
37
37
37
44
44
37
37
37
494
706
713
613
150
156
50
44
44
44
44
44
44
44
37
44
37
44
44
44
100
44
31
37
37
37
37
31
37
44
37
63
63
44
44
37
50
44
37
44
37
44
44
37
44
37
225
275
263
200
169
156
150
94
50
44
44
44
44
44
44
44
37
44
37
44
37
37
44
37
44
44
294
594
512
169
44
94
119
150
87
100
119
50
50
44
44
69
75
81
75
81
150
138
263
1044
1006
794
756
681
237
50
50
44
44
44
44
50
44
44
44
37
44
44
44
37
37
44
63
400
369
863
619
819
637
700
131
50
44
50
87
175
87
87
100
75
44
44
44
44
212
331
537
525
469
819
794
700
669
656
125
44
50
44
44
50
44
44
44
37
44
44
37
50
50
44
44
244
669
319
44
50
44
44
44
44
44
44
44
44
44
44
44
44
44
50
50
50
75
1275
875
588
762
713
431
237
263
269
244
156
50
50
50
50
50
44
50
44
44
44
44
44
44
44
44
63
400
175
44
44
37
44
44
44
44
37
44
37
44
37
37
56
75
75
75
131
94
275
244
331
537
481
406
269
212
50
50
50
50
50
44
50
44
44
37
44
37
44
37
37
44
37
37
44
487
313
37
37
44
37
37
37
37
37
37
37
37
37
44
37
37
44
37
44
44
44
419
512
494
469
394
269
250
250
306
800
669
188
44
50
50
44
44
44
44
50
44
37
44
44
44
63
350
219
37
44
37
37
37
44
37
37
44
37
37
37
37
37
44
37
37
44
44
37
37
37
37
37
212
244
188
156
144
37
50
56
44
44
44
44
37
44
37
37
37
44
37
37
44
44
75
150
106
44
44
50
269
669
625
613
463
44
44
44
37
44
37
44
50
531
644
619
819
781
394
269
150
144
144
150
156
144
144
144
69
50
44
44
44
44
44
44
44
37
44
44
56
56
325
344
550
656
356
44
44
44
63
81
87
87
175
144
156
87
37
44
44
44
44
44
44
50
44
44
50
44
44
44
37
44
37
125
75
63
44
37
37
37
44
37
37
37
37
37
44
37
44
37
44
37
37
37
37
37
37
37
44
37
44
69
81
106
156
163
106
206
206
381
1288
756
425
450
394
500
794
694
256
231
144
113
44
50
44
44
44
44
44
44
44
44
44
44
50
50
244
275
81
44
44
44
37
44
44
44
44
44
44
44
44
37
44
44
44
44
306
744
750
725
331
350
356
856
775
706
669
544
44
44
37
44
44
44
44
81
113
56
44
37
37
44
44
725
1906
944
44
37
44
37
44
37
44
37
37
37
37
37
37
37
37
37
37
37
44
37
37
44
37
37
681
2288
1794
613
744
406
138
44
44
44
44
44
44
44
37
50
44
44
37
44
37
1056
194
44
37
44
44
37
44
37
37
37
37
37
37
44
44
37
37
37
37
44
56
31
37
37
37
163
1025
844
1075
688
706
831
1275
138
50
44
44
44
44
44
44
37
37
37
44
37
756
2231
2231
119
37
44
37
37
44
37
37
44
37
37
37
37
37
37
37
44
37
37
37
37
125
69
50
469
2594
1550
1106
806
331
250
231
50
44
44
44
44
44
37
44
37
37
37
37
938
512
44
37
44
44
37
44
37
37
31
44
269
294
31
37
37
37
37
37
37
37
37
37
37
37
31
44
37
37
37
37
37
37
44
37
37
37
37
37
31
37
37
37
37
37
37
31
37
37
37
37
37
37
37
37
37
37
37
37
37
37
37
37
37
37
37
37
44
31
44
37
37
37
44
44
37
37
37
37
37
37
44
37
37
37
37
44
37
37
37
37
37
37
37
37
37
37
37
37
37
37
37
37
37
31
37
37
37
37
37
37
37
37
37
94
100
50
37
37
37
44
37
37
44
44
31
37
37
37
37
37
44
37
37
37
37
37
37
37
37
37
44
37
37
37
37
37
37
37
37
37
37
37
37
37
44
37
37
37
37
37
37
37
37
44
37
44
44
44
44
37
44
44
44
50
37
44
44
37
50
37
44
37
37
37
44
37
37
37
37
37
44
37
44
37
37
37
37
44
37
37
37
37
37
37
44
37
37
37
37
37
37
37
44
37
37
37
50
37
44
37
37
37
37
37
37
37
37
37
37
37
37
37
37
37
37
37
37
37
37
37
37
37
37
31
37
37
37
37
37
37
37
37
37
37
44
37
37
44
37
44
37
37
44
37
44
44
37
44
44
37
44
37
44
37
44
37
31
37
37
37
37
37
37
37
44
37
37
37
31
37
37
37
37
31
37
37
37
37
37
119
81
50
37
37
37
37
37
37
37
37
37
37
44
37
44
37
37
37
37
37
37
37
37
37
37
37
44
37
37
37
37
37
37
37
37
37
37
37
37
37
37
44
37
37
37
37
37
37
37
37
37
37
37
37
37
37
37
44
37
44
37
44
44
44
37
37
37
37
37
37
44
37
37
37
37
37
44
37
37
37
37
37
37
37
37
37
37
37
37
37
37
37
37
37
44
37
37
37
44
37
37
37
44
37
37
44
44
37
44
44
37
37
44
44
37
44
37
37
44
44
44
37
44
37
44
37
44
37
44
37
37
44
37
44
37
37
44
37
44
37
37
37
44
37
44
37
37
44
37
37
44
37
37
44
37
37
44
37
37
44
44
37
37
44
37
37
37
44
37
37
44
37
37
37
37
37
37
37
37
37
44
37
37
37
37
56
125
56
44
37
37
44
37
37
37
37
37
44
37
37
44
44
37
37
44
44
37
44
37
44
37
44
44
44
37
44
37
37
37
37
44
37
37
37
37
37
37
50
37
44
37
37
37
37
37
37
37
37
37
37
37
44
37
37
37
37
37
37
37
37
44
31
37
44
44
37
37
37
37
37
37
37
37
37
37
37
37
44
37
37
37
31
37
37
37
37
37
44
31
44
31
37
37
37
37
37
37
37
37
37
37
37
37
37
37
37
37
37
37
37
44
37
37
37
37
37
37
37
44
37
31
37
37
37
37
37
37
37
37
37
37
37
37
37
31
37
37
37
37
37
37
31
37
37
37
37
37
37
37
37
37
37
37
37
37
37
44
37
44
37
37
37
37
37
37
37
37
37
37
37
37
37
37
37
37
37
37
37
37
37
37
37
125
63
37
37
37
44
31
37
37
37
37
37
37
37
37
37
37
37
37
37
37
44
37
37
44
44
37
37
44
37
37
37
44
37
37
37
37
37
44
37
37
37
37
37
37
37
37
37
37
37
37
37
37
37
37
37
37
37
37
37
44
37
37
37
37
37
37
37
37
37
37
37
44
37
37
37
37
37
37
37
44
37
37
37
37
37
37
37
37
37
44
37
37
37
37
37
106
275
125
37
100
94
44
37
44
44
44
44
37
219
581
969
1538
606
613
150
100
100
200
1569
1619
1462
1431
1206
1194
1369
175
56
50
37
44
37
37
44
37
44
37
37
37
44
37
37
31
1638
1113
175
37
44
44
37
37
44
37
44
37
37
44
37
44
37
44
37
44
37
44
44
37
225
1500
1913
1881
1825
1813
863
550
719
675
738
700
700
275
50
50
50
50
44
44
50
44
44
44
37
263
87
37
44
37
37
37
37
37
37
37
37
37
37
37
37
37
37
44
37
531
2188
2269
1394
1381
1431
1444
863
263
269
506
2244
2094
1881
1000
63
44
44
44
44
44
37
37
44
37
787
1450
1456
1494
1825
1763
419
81
44
44
44
44
44
44
37
44
44
37
37
37
37
44
44
87
700
819
912
1294
956
1056
169
150
150
156
156
81
44
44
50
44
50
44
44
37
37
44
37
37
44
37
181
1544
2094
1700
806
531
175
37
37
37
44
37
37
37
37
37
37
37
37
50
94
131
94
125
81
56
50
44
144
50
37
37
37
37
37
31
37
37
37
31
37
31
31
37
31
31
37
37
31
1550
1925
581
263
44
37
37
37
37
37
37
37
37
44
37
37
37
37
44
81
81
94
250
281
813
1150
944
912
194
44
44
50
44
44
50
44
44
37
37
44
37
37
44
37
44
37
44
37
1125
1675
1481
375
188
138
144
138
144
144
163
138
144
131
138
138
144
138
138
138
181
481
675
1131
912
956
850
744
294
250
206
138
144
56
50
44
44
44
44
44
37
44
37
44
37
44
37
44
44
119
237
56
44
50
63
50
44
44
44
50
94
87
150
87
100
744
469
244
44
44
50
44
44
44
37
44
131
150
144
150
156
150
106
50
50
44
44
44
37
44
44
44
44
37
44
37
69
463
625
356
50
44
50
50
44
50
44
50
44
50
44
44
44
44
44
44
81
44
50
44
37
44
37
50
37
738
994
250
100
50
44
44
44
44
44
37
37
37
37
44
37
319
1406
1419
1506
1794
731
37
37
44
37
37
37
37
37
37
37
44
37
37
37
44
37
37
206
50
44
50
37
388
2188
731
675
719
662
206
50
44
44
44
44
37
44
44
37
37
37
37
44
37
731
1756
1550
744
2125
281
44
44
44
869
1506
725
56
50
50
50
50
50
44
50
50
50
50
50
44
44
50
56
50
44
50
44
56
44
56
1869
2206
1381
212
94
131
75
56
44
37
50
37
69
175
37
44
37
37
37
37
37
37
37
44
37
1200
1256
256
225
231
225
231
231
225
231
225
219
219
219
225
225
219
225
219
225
225
225
231
225
225
231
231
225
231
225
231
231
231
231
225
231
225
225
225
231
219
225
225
225
225
231
225
225
225
231
225
225
231
231
225
231
231
225
225
225
219
225
225
225
225
225
225
231
225
231
225
231
225
231
225
225
231
231
225
231
231
225
231
231
225
231
225
225
225
225
219
225
225
225
219
225
225
225
225
225
225
231
225
225
231
225
225
225
219
219
219
225
225
225
219
225
219
225
225
225
231
225
225
225
225
231
225
225
231
231
225
231
225
225
231
225
225
225
225
219
225
225
219
225
225
225
225
225
225
231
225
225
225
225
63
100
706
456
1806
1688
1688
1694
1700
1675
1675
1550
1544
1381
431
44
50
37
44
37
44
37
44
37
37
44
37
37
44
37
1469
1225
63
37
44
37
44
37
44
37
44
44
44
37
44
37
44
44
50
44
1850
2362
1656
1456
1444
1538
1969
2987
1844
1925
1919
1456
1288
56
44
44
44
44
44
44
44
44
37
44
37
37
37
725
988
106
37
37
44
37
44
37
37
37
44
37
37
37
37
44
37
44
37
37
44
44
44
1438
2256
2237
2337
2237
2206
2200
2163
1806
1581
331
44
131
75
56
44
44
44
37
37
37
125
1300
1063
1681
2112
1831
1156
50
44
37
44
44
37
44
44
37
44
44
37
44
44
37
44
44
56
37
44
37
44
37
44
94
2075
2200
2.031000e+03
1837
1969
1675
1.013000e+03
50
50
37
44
44
37
44
44
37
37
37
519
938
50
37
37
37
37
37
37
37
37
37
37
37
37
37
37
37
44
1419
3144
2619
2750
2487
2538
1875
1306
944
156
163
56
50
50
50
44
44
44
44
37
37
37
37
37
37
813
1125
1300
1094
1288
1288
1850
212
44
44
37
37
37
37
37
37
37
37
44
37
37
37
37
37
681
2763
2462
1788
1769
1731
1981
2112
1356
781
738
412
412
412
381
156
163
150
44
44
44
44
44
44
44
44
37
44
181
1625
1844
738
131
44
37
44
37
37
37
44
37
37
37
37
37
50
81
69
144
350
494
63
50
50
50
44
50
44
75
1656
1056
144
50
44
44
50
44
44
44
44
44
37
44
44
44
37
1081
1694
1481
619
713
563
175
44
125
87
56
50
131
125
75
37
44
44
37
44
44
44
37
37
56
37
37
37
37
37
50
37
37
37
37
37
37
37
37
37
37
37
44
37
31
37
37
37
37
37
37
37
37
37
37
44
37
44
37
44
37
44
37
44
37
44
44
37
44
37
50
37
50
37
44
37
44
37
37
37
37
44
37
37
37
37
37
37
37
37
37
44
37
37
31
37
44
37
37
37
37
37
37
37
37
37
37
37
37
37
37
44
37
37
37
31
44
44
44
50
37
37
37
31
37
44
37
37
44
37
37
37
37
37
37
37
37
37
37
37
37
37
37
37
37
31
44
37
37
37
31
37
37
44
37
44
37
44
37
37
37
37
37
37
44
44
50
50
37
37
37
37
37
37
37
44
44
37
37
37
37
37
37
37
37
37
37
37
37
37
37
44
37
37
100
87
50
37
37
37
44
37
37
44
37
37
37
37
37
37
37
37
37
44
37
44
37
37
37
37
37
44
37
37
37
37
37
44
37
37
37
37
37
37
37
37
37
37
37
37
37
37
37
37
37
37
37
37
37
37
37
44
37
37
37
37
37
44
37
37
50
37
44
37
44
44
37
37
37
37
37
37
37
44
37
37
37
37
37
44
37
37
37
37
44
37
37
37
31
37
37
44
37
37
37
37
37
37
37
37
44
37
37
37
37
37
37
37
50
37
44
37
37
37
44
37
37
37
37
37
44
37
37
37
37
44
37
37
44
37
37
37
37
37
37
37
37
37
37
44
37
31
37
37
37
37
37
37
37
37
37
37
37
37
37
37
44
37
37
37
37
50
44
37
37
37
37
37
37
37
44
31
37
37
37
37
37
44
37
37
75
113
56
44
37
37
37
37
37
37
44
37
44
44
37
44
37
44
44
37
44
44
44
37
50
37
44
44
31
37
37
44
37
37
37
37
44
37
37
37
37
44
37
37
37
37
44
37
37
37
37
44
37
37
37
37
37
37
37
37
37
44
37
37
44
37
37
37
44
37
37
37
37
44
44
37
44
37
37
44
37
37
37
37
44
37
37
37
37
44
37
37
37
37
37
37
37
44
37
37
37
37
37
44
37
37
37
37
44
44
37
44
37
44
37
44
37
44
44
37
44
37
37
44
44
37
37
44
37
1462
2.019000e+03
2000
1681
1581
2131
2119
1981
1931
1813
1469
1325
1313
1175
1188
1275
1144
1219
1188
1250
1194
206
119
44
44
37
50
50
50
50
50
50
50
50
50
50
44
50
50
50
131
1606
1256
1256
481
762
906
2150
1638
706
500
181
181
169
150
56
56
50
44
50
44
44
44
37
44
37
37
1000
1550
1825
494
175
50
44
50
44
44
50
44
50
44
44
50
94
94
113
106
113
125
106
113
106
969
1725
438
150
156
194
356
1481
1538
1519
1388
656
63
63
50
50
44
37
44
44
37
37
37
988
1194
1725
1675
356
600
131
44
44
37
313
900
81
81
44
37
44
44
37
44
50
1169
1650
1925
1919
1694
206
163
181
244
175
175
156
156
87
50
44
44
44
44
37
37
37
37
37
37
37
44
313
1212
1469
1469
1962
2013
2231
2263
756
44
44
37
44
44
550
2150
1694
1513
1356
931
263
925
1906
1394
1269
1406
1400
1550
1.019000e+03
469
1175
175
175
138
50
50
50
44
44
44
44
37
37
37
44
1194
1125
1156
1175
1063
1544
1844
1694
2.031000e+03
2063
2069
1319
956
806
563
500
588
275
294
512
244
50
44
56
1581
1456
2169
1444
1087
1175
1063
1475
931
394
762
787
794
756
756
487
250
1131
988
50
44
44
44
44
44
44
69
1569
1694
531
487
125
44
44
44
37
44
44
44
37
37
37
37
37
37
37
31
175
225
125
37
37
44
37
50
37
44
37
37
37
37
44
37
31
37
37
37
37
37
37
37
37
37
37
44
31
37
37
37
44
37
37
31
37
37
37
37
44
31
37
37
37
37
44
37
37
31
37
44
37
37
44
37
37
37
37
44
31
37
37
37
44
37
31
37
44
37
37
37
37
37
44
31
37
37
37
37
37
37
37
37
37
37
37
37
44
31
37
37
37
37
37
37
37
37
37
44
37
37
37
37
37
37
37
37
37
125
69
44
37
37
37
44
31
37
44
37
37
37
37
37
44
37
37
37
37
37
37
37
37
37
37
37
37
37
44
37
37
37
37
37
37
44
37
37
37
37
37
44
37
37
31
37
44
37
37
37
31
44
37
37
37
37
37
37
37
37
37
37
37
37
37
37
37
37
37
31
37
37
44
37
37
31
37
37
37
37
37
37
37
37
37
37
56
37
31
37
44
37
37
44
37
37
31
44
37
37
37
37
37
37
37
37
37
37
37
37
37
37
37
37
37
37
37
31
37
37
37
37
37
31
37
37
37
37
37
37
37
37
37
44
31
37
37
37
44
37
37
37
37
37
31
44
37
37
37
37
37
31
37
37
37
37
37
37
37
37
37
31
37
37
37
37
37
37
37
37
44
37
37
44
37
44
37
37
44
37
44
37
37
37
44
125
63
37
44
44
37
37
31
37
37
37
37
37
37
37
37
37
37
37
37
37
37
31
37
37
37
37
37
31
37
37
37
37
37
37
37
37
37
37
37
37
37
37
31
44
31
44
31
37
44
37
37
37
37
37
37
37
37
37
37
37
31
37
37
37
37
37
37
37
37
37
31
37
37
37
31
37
44
37
37
44
37
44
31
44
37
44
37
37
44
37
37
44
31
37
37
37
37
37
37
37
37
37
31
37
37
37
37
31
37
37
37
37
37
37
37
31
37
37
31
37
37
31
37
37
31
37
37
37
37
31
37
37
31
37
37
37
37
31
37
37
37
37
37
31
37
37
37
37
37
31
37
37
31
37
37
37
37
37
31
37
37
37
37
31
37
31
44
31
37
519
1131
1212
1188
1475
1519
1444
1206
1125
1081
956
1000
906
919
1144
1550
2194
2200
2169
2138
2063
1712
1494
700
694
669
662
113
50
44
44
50
44
44
37
37
37
44
37
37
37
256
1212
1462
1538
263
44
37
37
44
44
37
475
1581
1488
688
44
44
44
37
44
37
44
175
1650
1769
1837
1644
1675
1669
1275
350
806
200
156
831
1350
919
156
125
44
44
44
44
44
44
44
37
1.019000e+03
1069
1206
1100
1181
1519
1444
106
37
44
37
44
44
37
44
44
37
44
138
63
56
175
694
681
1331
2219
2362
1719
1625
1581
350
613
719
706
2306
1962
887
44
44
44
44
37
37
37
44
37
37
37
37
981
1069
1200
1337
1644
2081
313
44
37
44
44
37
44
44
37
44
37
44
37
44
37
44
719
2063
2469
3344
2981
2194
2112
1775
1100
563
769
256
719
356
50
44
50
44
50
44
44
44
44
50
44
44
44
1388
1506
1844
919
444
50
44
44
44
44
50
44
44
44
44
44
44
44
44
44
44
44
37
138
69
63
44
44
1513
2719
2.019000e+03
1681
1394
1931
1725
1956
1731
1863
1488
1200
1394
1238
1256
1325
1219
1300
1238
1156
1288
1156
1119
681
356
787
537
287
44
44
50
44
44
50
44
50
44
44
50
44
44
50
50
44
56
50
50
44
1125
1769
1538
1775
2025
1813
1931
1688
1563
1244
81
50
50
50
50
44
44
44
44
37
44
44
44
37
931
63
44
44
37
44
50
44
44
44
50
37
44
44
44
37
44
44
37
44
50
37
50
44
94
1869
1625
1569
1556
1556
1619
150
50
50
44
50
44
50
44
50
44
37
44
44
44
44
731
1456
1138
69
50
50
44
50
44
44
44
44
50
37
44
44
44
44
37
44
44
50
37
44
56
50
44
50
44
44
44
44
37
44
444
1594
1544
231
44
50
44
50
44
44
44
44
44
37
44
50
37
506
69
44
44
50
44
263
1988
606
594
563
569
169
44
1525
2081
2.038000e+03
1969
1906
1894
2281
1500
1556
1988
2106
1969
1619
769
531
231
181
69
50
56
50
50
44
50
44
44
44
37
44
44
44
37
212
1494
175
44
44
50
44
631
1456
844
287
188
156
188
106
100
87
44
50
44
138
775
1625
1125
887
906
944
900
894
881
887
912
925
231
50
44
44
50
44
44
44
44
44
44
37
44
44
1394
1138
44
50
44
50
50
44
44
44
50
44
44
44
44
50
44
50
44
44
50
44
1294
1763
1200
744
738
319
175
169
156
100
56
44
50
50
44
50
50
44
44
44
50
44
50
50
44
50
1688
1650
381
412
50
887
1063
100
56
44
44
44
44
44
44
50
44
44
50
44
50
44
44
50
37
44
56
1256
2044
2225
2231
2119
2106
1919
1363
956
63
50
44
44
44
44
44
44
44
44
37
44
75
181
50
44
44
44
50
50
44
44
50
44
44
44
44
44
44
44
44
37
50
50
138
2169
2269
1738
2094
2156
2150
2100
1500
762
200
50
50
50
50
50
44
44
44
44
44
44
37
44
44
1156
1763
144
44
44
44
44
44
44
44
50
44
50
44
44
44
44
44
44
37
44
44
37
44
44
281
2462
2.019000e+03
1581
1563
1575
1550
1544
1550
1544
1550
1531
1444
1450
1462
1456
1350
831
44
37
44
44
44
37
44
200
244
44
44
44
50
44
50
44
50
44
131
69
50
37
44
44
44
44
44
44
37
56
50
44
50
1050
1719
1681
1663
1681
1681
1631
1625
1625
1475
1481
394
50
50
50
50
50
50
44
44
44
75
163
75
150
100
63
106
650
350
100
94
94
44
275
125
69
44
44
44
37
44
37
44
37
37
37
37
44
37
37
44
869
1587
1613
1288
37
44
44
44
37
44
44
37
37
44
37
37
37
394
1606
1469
1613
1406
519
94
69
37
94
800
75
44
44
44
44
44
37
94
100
1456
2756
2244
2150
2169
425
194
175
200
169
156
163
163
131
56
44
50
50
44
44
44
44
37
44
37
44
44
212
1231
1931
963
894
844
825
237
44
44
44
44
37
44
44
44
44
37
44
44
44
44
44
37
44
37
50
44
44
37
44
37
37
37
37
44
37
37
44
31
44
37
37
44
37
37
37
37
37
37
37
37
37
37
37
37
37
37
37
37
37
37
37
44
37
37
37
44
37
50
37
37
44
37
37
37
37
44
44
37
37
37
37
37
37
37
37
37
37
37
44
37
31
44
37
31
44
37
131
63
37
37
37
44
37
37
37
44
37
44
37
37
44
44
37
44
37
44
37
37
44
37
37
37
44
37
37
37
37
37
37
37
37
37
37
44
44
31
37
44
37
37
37
31
37
44
31
37
37
37
37
37
37
37
31
44
31
44
31
37
44
31
37
37
37
37
37
37
44
37
37
37
37
37
37
37
44
37
31
44
37
37
37
37
37
37
37
37
37
37
37
37
37
31
37
37
37
37
37
37
37
37
37
37
37
969
1519
925
813
906
863
944
1281
2569
2450
2450
2106
1706
1806
744
169
906
163
163
163
156
156
156
163
156
163
156
150
138
138
138
138
81
44
44
63
250
231
425
144
44
50
37
125
563
37
44
37
44
300
1613
1413
1306
1900
1638
1725
1494
1313
1369
1425
1400
1400
362
156
150
163
150
156
150
150
156
156
81
44
50
44
44
44
44
37
44
37
44
37
212
344
338
362
325
37
44
56
94
87
100
294
106
56
50
50
44
50
44
188
450
256
662
1888
1375
194
206
244
212
556
700
694
781
225
56
50
50
50
50
50
44
50
44
44
44
44
44
1381
2069
2288
1075
56
50
50
50
44
50
44
50
50
44
50
44
50
44
50
44
50
50
44
50
56
156
844
800
556
1513
444
212
144
144
144
144
94
50
44
50
44
44
44
37
44
44
44
37
44
556
1525
963
69
44
44
519
1450
500
56
44
50
44
44
44
37
44
44
44
44
37
50
44
819
1212
1306
1194
794
431
163
206
250
181
175
163
163
156
50
50
50
44
50
44
50
44
50
50
50
1212
806
50
44
44
44
44
50
44
50
44
44
44
50
44
44
44
50
44
50
50
44
44
50
44
631
1806
1694
1675
1587
1319
1288
1169
463
50
50
44
50
44
50
44
44
44
44
50
44
44
44
1400
762
244
50
50
44
50
50
44
50
44
44
44
44
50
44
44
44
44
50
563
856
744
656
662
550
194
425
650
138
169
156
163
163
156
113
50
50
50
50
44
50
44
44
44
44
44
44
44
263
425
569
369
362
50
44
50
44
44
44
44
138
81
56
50
44
44
44
44
50
44
50
44
56
825
1050
756
688
662
537
275
250
263
250
63
44
50
50
50
50
44
44
44
44
44
44
44
44
106
631
594
575
544
544
194
44
63
1150
2237
1956
2000
994
481
637
1850
2181
1531
669
487
1294
1200
537
537
500
444
394
394
500
581
537
188
50
50
50
44
44
44
44
81
37
44
44
44
44
44
37
875
1431
1300
381
69
44
50
44
44
50
44
37
794
1538
1381
2050
2087
563
394
362
225
263
1606
1756
1556
1569
1569
1581
1594
1256
50
44
50
50
44
50
50
44
44
44
44
44
44
44
37
44
100
1675
550
50
44
44
50
50
44
44
50
44
50
44
44
50
44
44
50
44
50
44
50
44
44
1475
1825
1681
2056
2188
1919
1925
1775
1519
1331
100
63
50
50
44
50
50
50
44
37
44
50
237
1650
1269
569
344
588
138
50
44
1369
1500
181
81
44
50
44
44
44
44
44
50
37
44
50
50
1488
1981
2325
1587
1469
1363
1212
1337
1231
1212
1206
1206
1212
1194
1194
588
56
44
50
44
50
44
44
44
44
225
287
44
50
44
44
44
44
44
44
44
37
44
44
44
50
44
37
44
56
531
1919
1569
1419
1413
1275
2087
1325
1188
1263
600
119
50
50
50
44
50
44
50
44
50
50
44
44
50
44
1100
381
125
63
50
50
44
44
50
44
44
44
44
44
44
50
44
44
50
44
1.019000e+03
1700
1700
1788
1875
519
350
225
169
138
50
50
50
50
44
50
50
44
44
37
44
44
44
37
56
1431
1481
1481
1488
944
650
531
144
144
138
144
1413
1513
163
200
206
144
144
138
144
144
150
150
144
144
138
144
138
144
138
344
1475
163
163
175
163
256
781
44
44
50
44
44
50
44
44
44
37
44
44
37
975
1763
606
325
44
50
44
50
44
1219
1044
206
1681
856
600
138
50
44
50
44
44
50
44
50
37
44
37
44
37
50
44
44
44
44
181
1025
44
44
44
44
44
44
44
44
44
37
44
44
37
44
1025
1813
1031
894
563
550
431
63
50
50
794
863
1781
1519
787
581
431
1212
1563
1150
963
969
1575
294
744
762
700
681
625
344
163
169
119
56
50
56
50
44
50
50
50
44
44
44
50
44
1125
1031
1875
544
106
50
50
44
50
50
44
50
50
44
50
44
50
50
44
56
294
1619
963
438
356
313
306
200
181
181
50
50
50
50
50
50
50
44
50
44
44
44
44
44
44
44
44
1150
1619
1581
375
206
63
44
56
44
44
44
44
50
44
44
44
44
44
44
44
44
44
44
456
1119
294
106
106
106
1294
1544
256
194
250
138
63
50
50
44
44
50
50
37
50
44
44
44
37
44
44
37
1413
819
50
44
44
81
44
44
50
44
44
50
44
44
44
37
44
44
44
37
44
50
50
50
1619
2200
2150
2119
2100
2063
1775
56
50
44
50
50
44
50
44
44
44
44
44
44
44
44
37
856
1688
1712
394
637
1225
1500
1413
713
56
50
44
44
44
44
44
37
44
44
44
44
256
1831
1900
2506
1587
1587
1581
1438
1438
881
169
163
94
50
50
44
50
50
44
44
44
44
44
44
37
44
44
100
1619
781
50
44
44
44
50
44
44
37
44
44
87
106
56
44
44
44
44
44
37
44
1406
1719
519
113
100
106
113
1250
1531
1531
1544
1556
1569
1581
1587
1587
1594
1594
306
44
56
50
50
50
44
50
131
644
56
44
44
44
44
1200
775
94
37
44
44
37
44
44
44
44
44
37
81
1413
2288
1631
1631
1606
1712
2156
2138
2106
1625
1469
425
50
50
44
50
50
44
44
50
37
44
44
44
44
37
81
56
37
44
44
44
44
37
50
44
44
44
44
469
1581
1119
81
50
50
44
75
125
63
50
50
256
1700
1669
1831
1631
825
44
56
44
50
44
44
50
44
44
37
44
44
44
44
44
44
44
44
1513
450
44
50
44
50
44
44
44
50
44
44
44
50
44
44
44
44
50
50
50
56
44
50
175
1594
1613
1606
1563
2000
744
694
206
50
50
56
44
50
44
50
37
44
50
44
44
44
44
44
1581
794
44
44
50
44
50
44
44
44
44
37
44
44
44
37
44
44
44
37
44
44
50
50
419
200
700
688
700
669
487
56
50
50
44
138
81
63
50
37
44
44
44
44
44
50
44
44
925
163
44
50
44
50
44
44
44
44
44
44
37
44
44
44
44
37
44
44
37
50
37
44
44
444
2219
2194
2131
2156
1819
50
50
50
50
50
44
44
50
44
44
44
44
37
44
44
44
588
1763
1913
244
563
50
44
50
44
50
44
50
44
50
37
44
44
44
44
362
2956
3112
2544
2194
2156
506
875
738
688
106
75
63
50
44
50
44
50
37
44
44
44
44
394
1475
1344
1038
1175
1038
1163
1712
1281
63
50
44
44
44
1388
450
981
106
100
50
50
50
44
50
44
50
1544
2788
2850
2200
2138
1275
212
188
163
156
188
106
50
44
50
56
56
56
50
56
50
50
44
50
50
694
1775
1769
1656
1250
1000
531
356
50
50
69
81
75
163
106
81
69
75
69
75
69
69
69
69
63
69
69
69
69
75
69
63
1144
575
150
156
156
156
156
156
156
156
119
44
44
44
44
37
44
37
37
37
31
688
1731
1738
1188
106
75
44
37
44
44
44
37
100
87
100
831
1094
825
869
1056
2219
2200
1219
1006
625
269
594
1181
75
44
50
44
44
44
44
44
44
37
44
37
37
44
37
37
37
37
738
1081
400
50
37
44
37
37
44
37
37
19
0
0
0
63
37
44
81
1569
2375
2306
1731
1563
1212
1031
1206
944
637
163
163
163
206
950
1587
1594
1600
406
50
44
44
50
37
44
37
44
44
37
1069
1350
350
75
75
75
75
75
75
69
75
81
69
75
75
75
75
75
75
75
75
81
69
75
75
75
75
231
1625
1650
1606
1413
56
37
44
144
75
50
50
44
37
44
37
37
44
37
37
37
988
1600
81
37
37
44
37
37
37
44
37
44
44
37
44
44
37
44
44
44
44
44
44
125
1631
1650
1613
1556
1563
1544
1556
1075
44
50
44
44
44
44
44
37
44
37
37
44
237
1337
1069
1606
813
44
44
44
44
37
44
44
44
37
44
37
44
37
44
37
44
37
37
44
37
44
31
44
44
37
1625
1962
1688
2138
2181
1587
44
50
44
50
44
44
44
44
37
44
37
37
44
37
44
37
1000
1275
200
37
44
975
1538
1063
863
819
575
556
506
463
475
475
475
600
719
1038
344
138
81
44
44
44
50
37
44
37
44
44
44
37
37
37
37
37
63
37
44
37
37
37
44
44
37
37
37
44
37
37
163
575
37
50
37
44
37
44
37
69
631
256
94
106
81
50
125
150
1388
319
275
269
269
394
1731
1744
1706
1337
50
44
44
44
44
44
44
44
37
44
37
44
37
44
419
1175
119
44
44
37
44
44
44
37
44
37
37
37
37
37
37
56
119
138
744
1525
1513
1906
2106
2650
2119
2325
1644
1194
412
44
44
44
44
50
44
44
37
44
37
44
37
44
37
37
37
37
44
37
700
1375
163
69
44
44
44
37
44
44
37
44
37
50
37
44
44
44
44
37
44
44
56
37
231
2138
2063
1950
1625
1319
1325
1138
1238
1288
1038
1344
1250
1075
1325
1163
1212
1256
1075
1294
1044
1319
1119
1194
1181
1388
81
44
44
44
44
44
44
44
37
44
37
44
37
37
37
37
44
37
44
981
1663
1800
1888
2125
1831
1700
2.019000e+03
1663
1638
606
637
750
819
875
963
881
944
1000
1075
906
981
975
938
1031
1150
1025
1712
469
37
37
44
37
37
37
44
519
1488
163
37
37
37
37
44
37
44
37
44
44
37
481
1844
1731
1613
1613
1475
1337
725
394
263
44
50
44
37
44
44
44
44
44
37
37
44
37
275
1481
613
44
37
37
37
37
37
37
37
44
37
37
37
37
37
37
44
225
1656
1712
2294
2081
1212
1094
938
988
975
188
169
163
163
163
63
50
50
863
1.013000e+03
787
694
688
738
681
688
738
738
669
694
769
1131
563
381
94
44
775
1563
1331
1181
688
44
44
37
44
44
37
37
44
37
44
37
37
44
50
50
37
44
600
1750
1600
1450
206
50
44
50
44
44
37
44
44
37
37
44
37
44
44
37
1337
1731
1744
1144
44
44
44
44
44
44
44
469
625
206
144
75
506
1394
1569
762
637
519
169
144
50
44
44
44
50
44
44
44
44
37
37
44
37
37
37
44
50
56
37
44
37
44
37
37
44
37
37
87
94
106
50
44
37
37
37
37
44
37
37
44
37
1063
1388
813
794
819
1263
2056
1306
1825
1769
1119
269
237
156
144
156
156
56
50
44
44
44
44
37
44
37
44
44
37
44
37
44
981
475
494
44
44
50
44
37
44
44
44
44
37
44
44
44
37
44
44
487
581
938
1712
769
294
931
181
163
163
175
175
69
44
50
50
50
56
50
56
50
50
50
50
44
50
50
50
813
1644
1550
50
50
44
1100
856
212
75
63
206
244
225
175
169
138
113
113
156
169
306
813
550
144
106
119
169
144
156
163
163
156
150
56
44
44
50
44
44
44
44
37
44
37
44
44
37
44
63
156
37
37
44
37
37
44
44
44
44
44
44
44
37
44
37
37
44
37
37
44
44
44
263
269
287
287
200
163
94
44
50
44
44
50
44
44
37
44
37
37
44
37
44
44
37
44
37
63
69
44
37
44
37
44
37
37
37
44
50
44
44
37
37
44
37
44
44
44
269
588
744
1175
1494
950
681
662
425
150
163
131
50
44
44
50
50
44
44
44
37
37
138
44
37
69
106
44
37
44
44
37
37
44
37
44
44
75
44
44
37
37
44
37
37
44
44
44
81
37
44
287
181
188
156
156
156
44
44
44
44
44
37
44
44
44
37
44
37
37
44
44
50
63
181
631
275
119
475
63
44
44
44
44
44
37
37
44
37
37
44
44
44
37
37
44
37
50
50
44
37
175
169
156
156
69
144
87
50
50
63
50
50
44
44
44
44
44
44
44
37
44
37
94
44
37
44
44
44
44
131
69
50
44
44
37
44
44
44
44
44
37
44
37
44
50
81
356
231
175
175
506
688
63
50
44
50
44
50
44
44
37
44
44
37
44
44
44
37
313
738
75
44
44
44
50
44
44
44
44
44
37
50
44
44
44
44
44
44
50
50
50
50
50
287
388
406
444
438
481
456
381
719
725
106
44
50
44
44
44
44
44
44
44
44
44
37
37
44
44
25
0
0
0
0
0
0
0
0
0
31
63
44
37
37
37
44
44
37
44
37
456
950
906
881
831
575
1025
1075
725
656
656
125
50
44
44
44
44
37
37
37
31
44
37
44
150
700
256
44
37
37
44
44
44
37
37
44
37
44
44
37
44
37
37
44
37
44
44
50
37
44
37
37
37
44
37
44
37
37
37
37
31
44
44
37
37
37
37
37
37
37
37
44
37
37
37
37
37
37
44
37
37
44
37
37
44
37
37
44
37
37
37
37
37
37
37
44
37
37
37
37
37
37
37
37
37
37
37
37
37
37
37
37
37
37
37
31
37
44
37
31
37
37
31
37
44
37
31
37
37
31
37
37
37
37
37
31
37
31
37
44
37
31
37
37
37
481
381
475
219
212
212
50
44
44
44
50
138
69
50
44
44
31
37
44
31
37
44
31
69
1275
263
69
44
44
37
44
37
44
37
50
75
300
1331
1356
406
44
44
106
87
1500
1131
775
444
444
425
319
156
156
163
156
163
169
150
50
44
50
44
37
44
44
306
87
44
37
44
44
175
1188
1806
1600
1281
1313
994
775
400
37
37
37
44
37
44
56
87
94
81
81
81
219
344
425
569
375
106
113
106
113
100
106
106
106
113
163
125
44
44
50
44
44
44
37
44
44
37
37
644
494
438
263
44
44
50
75
1144
875
556
350
69
138
63
50
44
44
63
81
94
1419
388
456
487
456
469
319
163
131
69
50
50
50
44
50
44
50
37
44
37
44
44
37
44
44
44
1050
1488
531
494
156
44
44
44
44
50
44
44
37
44
37
37
44
37
44
37
50
75
81
131
300
319
269
250
244
225
181
175
156
163
150
156
87
50
50
44
44
44
44
44
44
44
44
44
37
44
37
144
119
106
94
100
94
100
94
94
106
94
87
94
87
94
94
100
94
50
44
37
44
37
44
219
856
931
762
287
169
419
494
537
188
44
50
44
44
44
44
37
44
44
37
44
44
456
1587
156
138
144
94
94
94
100
94
175
119
87
94
94
125
94
94
94
94
300
44
44
37
44
37
44
875
1706
1544
1538
1225
44
50
44
44
44
44
44
37
44
37
37
44
37
37
63
1288
1831
1350
75
100
87
87
100
50
1394
756
644
625
625
163
44
37
37
44
44
37
37
37
1438
631
106
106
100
106
106
100
100
100
106
106
100
100
100
106
50
44
44
37
37
37
44
37
37
37
44
37
37
44
37
44
37
938
781
787
631
475
44
50
313
631
150
63
50
44
50
44
44
175
50
44
37
44
37
37
50
37
44
44
156
1644
1650
369
44
44
44
44
44
37
44
44
37
37
44
37
500
619
63
44
44
75
125
56
50
87
231
594
156
81
81
75
75
56
44
50
50
250
388
431
138
819
319
169
163
113
50
50
44
50
44
50
44
44
44
37
44
44
44
44
37
37
44
412
194
44
50
44
37
44
44
44
44
50
44
37
44
481
1469
1175
994
762
63
44
44
44
44
894
1837
1425
1069
1194
1556
906
1.019000e+03
931
906
44
50
44
50
50
44
44
44
37
44
44
44
44
44
244
81
44
44
44
44
44
37
44
44
44
44
37
44
37
44
37
44
37
44
44
131
75
56
188
287
306
912
662
313
156
150
156
156
156
144
50
44
44
44
44
44
44
37
44
44
44
87
175
50
37
37
44
44
44
37
44
37
37
37
44
44
44
37
37
44
37
37
44
44
44
50
37
37
44
50
863
1000
1263
831
706
388
163
156
163
156
50
50
44
50
44
44
44
44
44
156
81
37
44
44
50
37
44
44
37
44
44
44
37
37
37
44
37
37
44
37
44
56
44
531
2138
2356
906
775
719
637
256
344
725
344
44
44
44
50
44
37
50
44
44
37
37
37
44
50
50
1669
375
100
44
37
37
44
37
44
37
44
37
37
37
44
37
44
50
475
44
150
319
63
44
44
44
50
44
44
44
37
37
44
37
44
37
37
37
37
37
44
37
37
44
37
644
1244
1175
1244
1175
1188
869
613
225
106
100
106
106
119
113
63
44
50
113
725
556
188
81
131
1181
1150
781
1763
1488
1044
1100
1156
1306
825
787
669
231
50
44
50
44
44
50
44
44
44
44
44
37
44
44
106
131
50
37
50
44
44
37
56
106
75
44
37
44
37
75
87
81
81
106
94
338
762
269
287
287
269
231
200
138
150
125
50
50
44
50
44
44
44
44
44
37
44
37
44
37
37
37
44
100
44
37
44
37
37
37
44
37
44
44
44
44
37
44
50
44
44
44
44
37
44
44
37
275
287
269
263
269
256
362
87
63
50
50
44
44
44
44
44
37
44
37
44
37
56
256
813
306
37
44
44
44
44
44
44
37
50
44
44
44
44
44
44
44
44
44
44
44
425
969
662
931
938
794
600
362
131
50
44
50
44
50
44
44
44
44
44
37
44
44
44
44
37
131
150
63
44
44
37
44
44
44
44
44
44
50
44
44
50
44
44
44
44
44
44
50
44
44
1513
556
150
144
156
175
169
138
144
156
156
150
94
56
50
44
50
44
50
44
37
44
194
738
325
569
119
6
0
0
0
69
37
44
37
37
44
37
44
37
37
37
44
37
144
1300
375
275
281
281
188
163
156
150
150
150
50
44
44
44
44
37
37
37
37
37
31
37
37
256
1344
1231
1337
881
725
369
125
69
44
44
44
44
37
37
44
37
37
37
37
69
75
181
169
287
37
44
50
37
44
44
44
37
150
169
131
44
37
44
44
37
44
37
37
44
37
37
37
37
31
37
813
119
69
44
44
37
50
106
94
56
37
37
44
37
44
37
37
37
37
37
37
37
37
1231
1831
544
87
44
44
44
37
44
37
44
31
37
37
37
37
37
31
37
37
37
37
37
37
1544
1756
1269
75
63
37
44
44
44
50
44
44
37
44
37
37
50
94
106
100
100
81
625
1075
156
144
181
163
163
87
50
50
50
44
44
44
44
44
37
44
37
44
44
37
50
44
37
44
169
338
63
50
44
44
44
44
81
119
56
50
37
44
50
212
294
313
269
1456
344
775
550
313
113
106
131
300
150
125
50
50
50
50
56
50
50
44
44
44
56
50
50
50
50
44
44
69
306
356
44
44
37
44
37
44
37
44
44
37
75
662
675
381
50
44
44
44
294
319
150
1475
1669
1131
1212
775
287
275
169
106
44
56
44
50
50
44
37
44
37
44
37
44
37
44
44
963
156
100
44
44
44
37
44
44
37
37
44
44
44
44
1119
1613
956
925
375
94
944
1113
875
594
313
362
775
719
306
169
87
56
50
50
50
50
50
44
50
50
44
44
37
44
44
44
56
81
744
381
81
37
44
44
37
44
44
44
37
44
56
669
656
506
44
44
44
563
631
1769
1069
744
450
250
219
219
231
194
163
119
50
44
44
44
50
44
37
44
37
44
37
37
44
37
37
1188
1494
175
637
594
275
44
44
44
37
44
44
37
75
44
50
37
37
44
37
81
87
188
169
169
163
381
231
212
212
206
188
163
106
44
44
50
44
44
44
44
37
44
44
37
44
37
44
69
94
87
44
44
44
63
94
100
94
44
56
75
81
44
50
44
50
44
44
37
44
125
400
1300
287
194
206
150
156
163
56
56
44
50
50
50
50
44
44
50
44
50
44
44
50
44
44
44
113
787
356
519
119
87
75
56
50
63
144
81
113
94
50
44
56
50
75
94
94
212
512
800
713
750
662
338
163
163
163
150
63
50
44
44
44
37
44
44
37
37
37
37
37
37
37
188
313
75
37
37
37
37
37
44
37
44
37
37
44
37
44
37
44
44
37
44
44
50
656
1006
1119
931
850
438
644
756
225
138
50
44
44
37
44
37
37
37
44
44
37
44
37
37
37
194
181
44
37
44
37
37
44
37
37
37
37
31
37
37
44
37
37
37
37
44
37
344
738
1325
1331
938
281
119
125
119
119
200
81
87
438
144
37
44
37
44
37
37
37
37
31
56
256
106
37
44
37
44
37
37
37
44
37
37
44
37
37
44
37
37
44
37
44
37
44
44
37
44
44
44
44
37
37
37
37
44
37
37
37
44
37
44
44
44
44
37
44
37
37
44
44
37
44
37
37
37
37
37
37
37
37
37
44
37
37
37
37
44
37
37
37
37
37
81
438
444
469
619
494
419
537
125
169
106
106
106
106
106
100
106
100
100
100
100
100
100
100
119
119
100
169
206
194
13
6
13
13
6
13
6
13
6
13
6
13
6
13
6
13
6
13
6
13
13
6
13
6
13
6
13
6
13
13
6
13
6
13
6
13
6
13
6
13
13
6
13
6
13
6
13
6
13
6
13
6
13
6
13
13
6
13
6
13
6
13
6
13
6
13
6
13
6
13
6
13
13
6
13
6
13
6
13
6
13
6
13
6
13
6
13
6
13
19
13
6
13
13
6
13
6
13
6
13
6
13
6
13
6
13
6
13
6
13
6
13
6
13
6
13
13
13
6
13
6
13
13
6
13
6
13
6
13
6
13
6
13
6
13
13
6
13
6
13
6
13
6
13
6
13
6
13
6
13
6
13
6
13
6
13
6
13
6
13
6
13
6
13
13
6
13
13
6
19
13
6
13
13
13
6
13
6
13
6
13
6
13
6
13
6
13
6
13
6
13
6
13
6
13
6
13
13
6
13
6
13
6
13
6
13
6
13
6
13
6
13
13
6
13
13
19
6
13
6
13
6
13
6
13
6
13
13
6
13
6
13
6
13
6
13
6
13
6
13
6
13
6
13
6
13
6
13
6
13
6
13
6
13
6
13
6
13
6
13
13
6
13
6
13
13
6
13
6
13
6
13
6
13
6
13
6
13
6
13
6
13
6
13
13
6
13
6
13
6
13
6
13
6
13
6
13
6
13
6
13
13
6
13
6
13
6
13
6
13
13
13
6
13
13
13
6
13
6
13
6
13
6
13
6
13
6
13
6
13
6
13
6
13
6
13
13
6
13
6
13
6
13
6
13
6
13
6
13
6
13
6
13
6
13
6
13
6
13
6
13
13
6
13
6
13
6
13
6
13
6
13
6
13
6
13
6
13
6
13
6
13
6
13
6
13
6
13
6
13
6
13
6
13
6
13
6
13
6
13
6
13
6
13
6
13
6
13
13
13
6
13
6
13
6
13
6
13
6
13
6
13
6
13
6
13
6
13
13
6
13
6
13
6
13
6
13
6
13
6
13
6
13
6
13
6
13
6
13
6
13
6
13
13
6
13
6
13
6
13
6
13
6
13
6
13
13
6
13
6
13
6
13
6
6
13
13
6
13
6
13
6
13
6
13
6
13
6
13
6
13
6
13
6
13
13
6
13
6
13
6
13
13
6
13
6
13
6
13
13
13
6
13
6
13
6
13
6
13
6
13
6
13
6
13
6
13
6
13
6
13
6
13
6
13
6
13
6
13
6
13
6
13
6
13
6
13
13
13
6
13
6
13
6
13
6
13
6
13
6
13
6
13
6
13
6
13
6
13
6
13
6
13
6
13
6
13
6
13
6
13
13
6
13
6
13
6
13
6
13
6
13
6
13
6
13
13
6
13
6
13
6
13
6
13
6
13
6
13
6
13
6
13
6
13
6
13
13
6
13
6
13
6
13
6
13
6
13
6
13
6
13
13
6
13
6
13
6
13
6
13
13
6
13
6
13
13
6
13
6
13
6
13
6
13
13
6
13
6
13
6
13
6
13
6
13
6
13
6
13
13
6
13
6
13
6
13
6
13
6
13
6
13
6
13
13
6
13
6
13
6
13
6
13
6
13
6
13
6
13
6
13
6
13
13
6
13
6
13
6
13
6
13
6
13
6
13
6
13
6
13
6
13
6
13
6
13
6
13
6
13
13
6
13
6
13
6
13
6
13
6
13
6
13
6
13
6
13
6
13
6
13
6
13
6
13
6
13
13
6
13
6
13
6
13
6
13
6
13
6
13
6
13
6
13
6
13
6
13
6
13
6
13
6
13
13
6
13
6
13
6
13
6
13
13
6
13
6
13
6
13
13
6
13
6
13
6
13
6
13
6
13
6
13
6
13
6
13
6
13
6
13
6
13
13
6
13
6
13
6
13
6
13
6
13
6
13
6
13
13
13
13
6
13
13
6
13
6
13
6
13
6
13
6
13
6
13
6
13
6
13
6
13
6
13
13
6
13
6
13
6
13
6
13
6
13
6
13
13
6
13
13
6
13
13
6
13
13
13
13
6
13
6
13
6
13
6
13
6
13
6
13
6
13
6
13
6
13
6
13
6
13
6
13
6
13
13
6
13
6
13
6
13
6
13
6
13
6
13
6
13
13
6
13
6
13
13
6
13
13
6
13
13
6
13
6
13
6
13
6
13
6
13
6
13
6
13
6
13
6
13
6
13
13
6
13
6
13
6
13
6
13
6
13
6
13
6
13
13
6
13
6
19
6
13
6
13
13
6
13
6
13
13
6
13
6
13
6
13
6
13
6
13
6
13
6
13
6
13
6
13
6
13
6
13
6
13
13
6
13
6
13
6
13
6
13
6
13
6
13
13
6
13
6
13
6
13
13
6
13
6
13
6
13
6
13
6
13
6
13
6
13
6
13
6
13
6
13
6
13
6
13
13
6
13
6
13
6
13
6
13
6
13
6
13
6
13
6
13
13
6
13
6
19
6
13
6
13
6
13
6
13
6
13
6
13
13
6
13
6
13
6
13
6
13
6
13
6
13
6
13
6
13
6
13
6
13
13
6
13
6
13
6
13
6
13
6
13
6
13
6
13
13
13
6
13
6
13
6
13
6
13
6
13
6
13
6
13
6
13
6
13
6
13
13
6
13
6
13
6
13
6
13
6
13
6
13
6
13
13
6
13
13
6
13
13
6
13
6
13
13
6
13
6
13
6
13
6
13
6
13
6
13
13
6
13
6
13
6
13
6
13
6
13
6
13
6
13
6
13
6
13
6
13
6
13
6
13
6
13
6
13
6
19
13
6
13
6
13
13
6
13
6
13
13
6
13
6
13
6
13
6
13
6
13
6
13
6
13
6
13
6
13
6
13
6
13
6
13
6
13
6
13
6
13
6
13
6
19
6
19
6
13
6
13
6
13
6
13
6
13
6
13
6
13
13
6
13
6
13
6
13
6
13
6
13
6
13
6
13
6
13
6
13
6
13
6
13
6
13
6
13
6
13
6
13
13
13
13
6
13
6
13
6
13
6
13
6
13
13
6
13
6
13
6
13
6
13
6
13
6
13
6
13
6
13
13
6
13
6
13
6
13
6
13
6
13
6
13
13
19
6
13
6
13
13
6
13
13
6
13
13
6
13
6
13
6
13
6
13
6
13
6
13
6
13
6
13
6
13
6
13
6
13
13
6
13
6
13
6
13
6
13
6
13
13
6
13
6
13
6
13
13
13
13
6
13
13
13
6
13
13
6
13
6
13
6
13
6
13
6
13
6
13
6
13
6
13
6
13
6
13
6
13
13
6
13
6
13
13
13
6
13
6
13
6
13
6
13
6
13
13
13
6
13
13
6
13
6
13
6
13
13
6
13
6
13
6
13
6
13
6
13
6
13
6
13
6
13
6
13
6
13
6
13
6
13
6
13
6
13
13
6
13
6
13
6
13
6
13
13
13
6
13
6
13
6
13
6
13
13
6
13
6
13
6
13
6
13
6
13
6
13
6
13
6
13
6
13
13
6
13
6
13
6
13
6
13
6
13
6
13
6
13
6
13
6
13
13
6
13
6
19
13
6
13
6
13
6
13
6
13
6
13
13
6
13
13
6
13
6
13
6
13
6
13
6
13
6
13
6
13
6
13
6
13
6
13
13
6
13
6
13
6
13
6
13
6
13
13
13
6
13
6
13
13
6
13
6
13
6
13
6
13
6
13
6
13
6
13
6
13
6
13
6
13
6
13
6
13
6
13
6
13
6
13
13
6
13
6
13
6
13
13
13
19
6
13
6
13
6
13
6
13
6
13
6
13
6
13
6
13
6
13
6
13
6
13
6
13
13
6
13
6
13
6
13
6
13
6
13
6
13
6
13
6
13
6
13
6
13
6
13
13
13
6
13
6
13
13
6
13
6
13
6
13
6
13
6
13
6
13
13
6
13
6
13
6
13
6
13
6
13
6
13
6
13
6
13
13
6
13
6
13
6
13
6
13
6
13
6
13
6
13
6
13
6
13
13
6
13
13
6
13
13
6
13
6
13
13
6
13
6
13
13
6
13
6
13
6
13
6
13
6
13
6
13
6
13
6
13
6
13
6
13
6
13
6
13
13
13
13
6
13
6
13
6
13
6
13
6
13
6
13
6
13
13
13
6
13
6
13
6
13
75
212
256
281
319
331
19
13
19
19
13
19
6
13
6
13
6
13
6
13
6
19
13
6
13
13
6
13
6
13
6
13
6
13
13
6
13
6
13
6
13
13
6
13
6
13
13
0
0
0
0
0
0
0
0
0
0
0
0
0
0
0
0
0
0
0
0
0
0
0
0
0
0
0
0
0
0
0
0
0
0
0
0
0
0
0
0
0
0
0
0
0
0
0
0
0
0
0
0
0
0
0
0
0
0
0
0
0
0
0
0
0
0
0
0
0
0
0
0
0
0
0
0
0
0
0
0
0
0
0
0
0
0
0
0
0
0
0
0
0
0
0
0
0
0
0
0
0
0
0
0
0
0
0
0
0
0
0
0
0
0
0
0
0
0
0
0
0
0
0
0
0
0
0
0
0
0
0
0
0
0
0
0
0
0
0
0
0
0
0
0
0
0
0
0
0
0
0
0
0
0
0
0
0
0
0
0
0
0
0
0
0
0
0
0
0
0
0
0
0
0
0
0
0
0
0
0
0
0
0
0
0
0
0
0
0
0
0
0
0
0
0
0
0
0
0
0
0
0
0
0
0
0
0
0
0
0
0
0
0
0
0
0
0
0
0
0
0
0
0
0
0
0
0
0
0
0
0
0
0
0
0
0
0
0
0
0
0
0
0
0
0
0
0
0
0
0
0
0
0
0
0
0
0
0
0
0
0
0
0
0
0
0
0
0
0
0
0
0
0
0
0
0
0
0
0
0
0
0
0
0
0
0
0
0
0
0
0
0
0
0
0
0
0
0
0
0
0
0
0
0
0
0
0
0
0
0
0
0
0
0
0
0
0
0
0
0
0
0
0
0
0
0
0
0
0
0
0
0
0
0
0
0
0
0
0
0
0
0
0
0
0
0
0
0
0
0
0
0
0
0
0
0
0
0
0
0
0
0
0
0
0
0
0
0
0
0
0
0
0
0
0
0
0
0
0
0
0
0
0
0
0
0
0
0
0
0
0
0
0
0
0
0
0
0
0
0
0
0
0
0
0
0
0
0
0
0
0
0
0
0
0
0
0
0
0
0
0
0
0
0
0
0
0
0
0
0
0
0
0
0
0
0
0
0
0
0
0
0
0
0
0
0
0
0
0
0
0
0
0
0
0
0
0
0
0
0
0
0
0
0
0
0
0
0
0
0
0
0
0
0
0
0
0
0
0
0
0
0
0
0
0
0
0
0
0
0
0
0
0
0
0
0
0
0
0
0
0
0
0
0
0
0
0
0
0
0
0
0
0
0
0
0
0
0
0
0
0
0
0
0
0
0
0
0
0
0
0
0
0
0
0
0
0
0
0
0
0
0
0
0
0
0
0
0
0
0
0
0
0
0
0
0
0
0
0
0
0
0
0
0
0
0
0
0
0
0
0
0
0
0
0
0
0
0
0
0
0
0
0
0
0
0
0
0
0
0
0
0
0
0
0
0
0
0
0
0
0
0
0
0
0
0
0
0
0
0
0
0
0
0
0
0
0
0
0
0
0
0
0
0
0
0
0
0
0
0
0
0
0
0
0
0
0
0
0
0
0
0
0
0
0
0
0
0
0
0
0
0
0
0
0
0
0
0
0
0
0
0
0
0
0
0
0
0
0
0
0
0
0
0
0
0
0
0
0
0
0
0
0
0
0
0
0
0
0
0
0
0
0
0
0
0
0
0
0
0
0
0
0
0
0
0
0
0
0
0
0
0
0
0
0
0
0
0
0
0
0
0
0
0
0
0
0
0
0
0
0
0
0
0
0
0
0
0
0
0
0
0
0
0
0
0
0
0
0
0
0
0
0
0
0
0
0
0
0
0
0
0
0
0
0
0
0
0
0
0
0
0
0
0
0
0
0
0
0
0
0
0
0
0
0
0
0
0
0
0
0
0
0
0
0
0
0
0
0
0
0
0
0
0
0
0
0
0
0
0
0
0
0
0
0
0
0
0
0
0
0
0
0
0
0
0
0
0
0
0
0
0
0
0
0
0
0
0
0
0
0
0
0
0
0
0
0
0
0
0
0
0
0
0
0
0
0
0
0
0
0
0
0
0
0
0
0
0
0
0
0
0
0
0
0
0
0
0
0
0
0
0
0
0
0
0
0
0
0
0
0
0
0
0
0
0
0
0
0
0
0
0
0
0
0
0
0
0
0
0
0
0
0
0
0
0
0
0
0
0
0
0
0
0
0
0
0
0
0
0
0
0
0
0
0
0
0
0
0
0
0
0
0
0
0
0
0
0
0
0
0
0
0
0
0
0
0
0
0
0
0
0
0
0
0
0
0
0
0
0
0
0
0
0
0
0
0
0
0
0
0
0
0
0
0
0
0
0
0
0
0
0
0
0
0
0
0
0
0
0
0
0
0
0
0
0
0
0
0
0
0
0
0
0
0
0
0
0
0
0
0
0
0
0
0
0
0
0
0
0
0
0
0
0
0
0
0
0
0
0
0
0
0
0
0
0
0
0
0
0
0
0
0
0
0
0
0
0
0
0
0
0
0
0
0
0
0
0
0
0
0
0
0
0
0
0
0
0
0
0
0
0
0
0
0
0
0
0
0
0
0
0
0
0
0
0
0
0
0
0
0
0
0
0
0
0
0
0
0
0
0
0
0
0
0
0
0
0
0
0
0
0
0
0
0
0
0
0
0
0
0
0
0
0
0
0
0
0
0
0
0
0
0
0
0
0
0
0
0
0
0
0
0
0
0
0
0
0
0
0
0
0
0
0
0
0
0
0
0
0
0
0
0
0
0
0
0
0
0
0
0
0
0
0
0
0
0
0
0
0
0
0
0
0
0
0
0
0
0
0
0
0
0
0
0
0
0
0
0
0
0
0
0
0
0
0
0
0
0
0
0
0
0
0
0
0
0
0
0
0
0
0
0
0
0
0
0
0
0
0
0
0
0
0
0
0
0
0
0
0
0
0
0
0
0
0
0
0
0
0
0
0
0
0
0
0
0
0
0
0
0
0
0
0
0
0
0
0
0
0
0
0
0
0
0
0
0
0
0
0
0
0
0
0
0
0
0
0
0
0
0
0
0
0
0
0
0
0
0
0
0
0
0
0
0
0
0
0
0
0
0
0
0
0
0
0
0
0
0
0
0
0
0
0
0
0
0
0
0
0
0
0
0
0
0
0
0
0
0
0
0
0
0
0
0
0
0
0
0
0
0
0
0
0
0
0
0
0
0
0
0
0
0
0
0
0
0
0
0
0
0
0
0
0
0
0
0
0
0
0
0
0
0
0
0
0
0
0
0
0
0
0
0
0
0
0
0
0
0
0
0
0
0
0
0
0
0
0
0
0
0
0
0
0
0
0
0
0
0
0
0
0
0
0
0
0
0
0
0
0
0
0
0
0
0
0
0
0
0
0
0
0
0
0
0
0
0
0
0
0
0
0
0
0
0
0
0
0
0
0
0
0
0
0
0
0
0
0
0
0
0
0
0
0
0
0
0
0
0
0
0
0
0
0
0
0
0
0
0
0
0
0
0
0
0
0
0
0
0
0
0
0
0
0
0
0
0
0
0
0
0
0
0
0
0
0
0
0
0
0
0
0
0
0
0
0
0
0
0
0
0
0
0
0
0
0
0
0
0
0
0
0
0
0
0
0
0
0
0
0
0
0
0
0
0
0
0
0
0
0
0
0
0
0
0
0
0
0
0
0
0
0
0
0
0
0
0
0
0
0
0
0
0
0
0
0
0
0
0
0
0
0
0
0
0
0
0
0
0
0
0
0
0
0
0
0
0
0
0
0
0
0
0
0
0
0
0
0
0
0
0
0
0
0
0
0
0
0
0
0
0
0
0
0
0
0
0
0
0
0
0
0
0
0
0
0
0
0
0
0
0
0
0
0
0
0
0
0
0
0
0
0
0
0
0
0
0
0
0
0
0
0
0
0
0
0
0
0
0
0
0
0
0
0
0
0
0
0
0
0
0
0
0
0
0
0
0
0
0
0
0
0
0
0
0
0
0
0
0
0
0
0
0
0
0
0
0
0
0
0
0
0
0
0
0
0
0
0
0
0
0
0
0
0
0
0
0
0
0
0
0
0
0
0
0
0
0
0
0
0
0
0
0
0
0
0
0
0
0
0
0
0
0
0
0
0
0
0
0
0
0
0
0
0
0
0
0
0
0
0
0
0
0
0
0
0
0
0
0
0
0
0
0
0
0
0
0
0
0
0
0
0
0
0
0
0
0
0
0
0
0
0
0
0
0
0
0
0
0
0
0
0
0
0
0
0
0
0
0
0
0
0
0
0
0
0
0
0
0
0
0
0
0
0
0
0
0
0
0
0
0
0
0
0
0
0
0
0
0
0
0
0
0
0
0
0
0
0
0
0
0
0
0
0
0
0
0
0
0
0
0
0
0
0
0
0
0
0
0
0
0
0
0
0
0
0
0
0
0
0
0
0
0
0
0
0
0
0
0
0
0
0
0
0
0
0
0
0
0
0
0
0
0
0
0
0
0
0
0
0
0
0
0
0
0
0
0
0
0
0
0
0
0
0
0
0
0
0
0
0
0
0
0
0
0
0
0
0
0
0
0
0
0
0
0
0
0
0
0
0
0
0
0
0
0
0
0
0
0
0
0
0
0
0
0
0
0
0
0
0
0
0
0
0
0
0
0
0
0
0
0
0
0
0
0
0
0
0
0
0
0
0
0
0
0
0
0
0
0
0
0
0
0
0
0
0
0
0
0
0
0
0
0
0
0
0
0
0
